1.000000000000000000e+00 -4.237212210100352872e-01 1.390859915451863769e-03 1.341275681995993119e-02 -1.976396550893521134e-02 2.002861895555440586e-01 -2.277360955204852377e-01 -2.506677316678345910e-02 -1.562927660891370030e-01 -3.218889438383702034e-02 -2.962432242794920678e-01 -1.999653702867758009e-01 -2.735263737883727453e-01 -8.721083890319261678e-02 -1.336273349393714456e-02 8.281701461535319053e-01 -2.106348553722974526e-01 -1.529237452945584053e-01 6.065208915427731245e-02 -6.141490490691361437e-01 1.290259047251768876e-01 -3.255619354895708528e-01 -1.791397434581809556e-01 -1.667589926610386561e-02 -2.015205956858763525e-01 -2.106348553722974526e-01 1.835571586090398721e-01 1.163693700459281360e-01 8.014725802260174170e-01 -1.189201260494596873e-02 -1.309582781176533983e-01 1.365208810726756261e-01 -1.703592393969828589e-01 -3.352957683328670196e-02 -1.095204317547431860e-01 1.049164806469645578e-01 8.662492972996218565e-01 -1.848284143392729673e-01 8.841427462782220914e-01 -7.015694041496063349e-01 2.817416156864516533e-02 4.067550213192464570e-01 1.375984301163199822e-02 -1.874508866293698173e-01 -2.458584849898022284e-01 -5.878747192258773069e-01 1.337890052696199261e-01 -7.370112613854830075e-01 -5.578443998504990509e-01 1.156776205101737315e-01 1.804883203400412250e-01 -2.085130856179779890e-01 -1.516305833169903361e-01 7.544501603257630640e-01 -2.784018510832488857e-01 -1.516305833169903361e-01
-4.237212210100352872e-01 1.000000000000000000e+00 -5.206253030375624204e-04 -7.168565375660142756e-03 5.721252928384937958e-03 -2.313082109347828486e-01 2.181656793629244973e-01 1.531540742205749622e-02 2.702320697435823052e-02 7.767436592594451072e-02 1.791609152120444970e-01 2.251549013678149636e-01 4.065758136124479616e-02 -1.117642954515154878e-02 7.098386410600779871e-03 -3.873807806184302871e-01 2.170556611109693834e-01 1.833407948771114959e-01 1.643914580995816527e-02 4.542227998068114059e-01 -3.794356393489028284e-02 8.050593690393462870e-03 5.202885998397761835e-02 -1.384058331551673848e-01 2.007212172293032226e-01 2.170556611109693834e-01 -1.065019298300686618e-01 -5.911955891725725193e-02 -3.422895530499359684e-01 5.860069629919010051e-03 1.535119179017165325e-01 -2.536817608368590812e-02 1.031047159587928363e-01 5.794746104839186562e-02 8.715527410507722950e-02 -1.274504223298653267e-02 -3.453960438268060540e-01 3.339122980210779135e-02 -4.380205343820943176e-01 4.877095384500180208e-01 1.202441001379094959e-01 -1.040986337712920123e-01 -7.349851534842531502e-03 1.425156046242704866e-01 9.145263617666270217e-02 1.832048390403005489e-01 -1.042939888612332971e-01 3.021760425415846996e-01 8.887887117808386250e-01 -1.558634314415553723e-02 -7.027261047296248786e-02 2.570042233706331530e-02 1.320817784671571293e-01 -2.571075324950056196e-01 7.991150135563243606e-02 1.320817784671571293e-01
1.390859915451863769e-03 -5.206253030375624204e-04 1.000000000000000000e+00 -1.795036023704413340e-04 -5.865663733182501275e-05 5.388481371552606477e-04 4.662475224893066102e-03 2.527737771565525216e-06 4.227051461975314564e-04 4.402307313176548331e-03 -4.227725044689921571e-04 -3.640370472741387029e-04 -9.743588053384991598e-04 -4.907512869035597983e-03 1.867477592651322314e-04 3.143337862096351291e-03 4.128088272019536480e-03 1.112106289501500755e-03 6.419436323599170236e-05 5.034910988765524615e-04 5.998637758078240829e-04 -5.944665301328224977e-04 -6.756237199049366406e-04 -2.284146730838060996e-03 4.026330976414361530e-03 4.128088272019536480e-03 6.592437798310910035e-03 -9.218537685123810775e-05 5.550045591924075488e-04 2.198883645743453556e-04 2.695001972338610056e-03 -3.570823708558712884e-04 1.933189481475002533e-03 -1.070710459877369583e-03 3.989270533702242395e-04 2.581964562438914413e-04 1.096590110633030449e-03 1.901688481952595519e-04 2.511219976936479494e-03 -7.304148950271124050e-04 2.367372327419464770e-03 -2.697546170358256249e-04 -1.820252524449041663e-04 5.436731491898450126e-03 -1.121564391777646861e-04 1.912540830001232086e-04 2.689002886559675298e-03 -3.606432006605636413e-04 -6.342032337245541006e-04 2.766547761744191547e-04 4.277341445522917646e-03 -1.255688239214113825e-03 3.395012073345599329e-03 -1.765395791680418657e-04 -9.401190762190110312e-05 3.395012073345599329e-03
1.341275681995993119e-02 -7.168565375660142756e-03 -1.795036023704413340e-04 1.000000000000000000e+00 -8.583205790553273236e-04 1.950380208072334878e-02 -3.293581135592204851e-04 -1.305598308057331208e-03 6.634499333446133851e-03 -2.460114847595980953e-02 -8.033317057029237818e-02 -8.250165384131797827e-03 -1.182576663274684248e-02 -1.937186121133107133e-02 -9.999989486678980688e-01 -2.669347217183901111e-01 -2.875735097312726051e-04 -2.253595778562548255e-04 4.426405862711503374e-03 -7.813987826432952991e-03 -9.333644514202937489e-03 -6.576997865688188026e-03 -2.601140015251472335e-04 1.178361433775330924e-03 -1.912960601911601135e-04 -2.875735097312726051e-04 5.357554726933765402e-03 -1.539432741192276258e-02 -2.305519342422961138e-01 -9.997287965853358660e-01 -1.213649477088545069e-04 -6.971824284964978080e-02 -5.052114889920171492e-02 -3.951906701851208570e-02 3.208247750859401356e-04 1.072879865869728238e-03 -7.844808537170674945e-02 6.442519478471654508e-03 1.176238790604055250e-02 -1.007233716550407811e-02 -1.007573079072187353e-04 1.416600222790995406e-04 9.999986631187840480e-01 -4.605211641049424486e-04 -2.783985315055176931e-03 -4.183917992590218023e-03 2.697436040629523721e-03 -8.761822441055146238e-03 -7.964156059774529089e-03 1.780386265237146604e-03 -3.230467638573582267e-02 -1.341602168761651948e-02 4.506976801353053733e-05 1.528794074322680115e-02 -5.331769400893459146e-03 4.506976801353053733e-05
-1.976396550893521134e-02 5.721252928384937958e-03 -5.865663733182501275e-05 -8.583205790553273236e-04 1.000000000000000000e+00 -4.593084778267756546e-02 1.477440566645770240e-02 -4.580189862169003860e-04 -1.613300216199707029e-03 -3.817769456514302859e-03 1.978802975144605333e-02 -2.937065766347006241e-03 1.887431180438632963e-02 1.581892996331133588e-02 8.630590991419097475e-04 -1.903171574912958589e-02 1.462071182708027384e-02 1.112533239139282260e-02 -8.272862529903998036e-03 2.285631910389505569e-02 -2.582974285571495738e-03 4.392344085907994218e-04 4.296363998088689046e-03 -2.648238005531768861e-03 1.455828215869591803e-02 1.462071182708027384e-02 2.309860159302721302e-04 -5.448331654264348262e-03 -9.400829008897458594e-03 1.269345496366649454e-03 1.067285806904776785e-02 6.533087944004038923e-03 3.068094484376003572e-02 3.544778817078530347e-02 2.063588075600967034e-02 1.638910477580775293e-02 -2.935641674700436785e-02 -8.659510597835501844e-04 -1.974497651158831080e-02 3.426273288217195762e-02 1.352589803795403896e-03 -8.357559806523849957e-03 -8.729719040403201985e-04 1.146020221240398249e-02 -2.366202092853140083e-03 6.978874527385799456e-03 -2.695745760817119634e-03 4.868990307475550353e-03 8.299993787580716223e-03 1.788884666811453583e-02 -9.325608894323643774e-03 1.814268048788663518e-02 1.310294625302273371e-02 -4.341623175778020795e-03 -1.843619766972066920e-02 1.310294625302273371e-02
2.002861895555440586e-01 -2.313082109347828486e-01 5.388481371552606477e-04 1.950380208072334878e-02 -4.593084778267756546e-02 1.000000000000000000e+00 -1.126494850810341730e-01 -5.421861482432151214e-02 1.917021559190149604e-01 3.544589628917891450e-02 -3.378230847073200871e-01 -4.564713941197038327e-01 -4.282271873930033890e-02 -1.326472521271804539e-01 -1.944448524662811470e-02 2.647344181477569447e-01 -1.067708817228832929e-01 -7.981902402731903823e-02 -1.028084515524375492e-01 -2.761995469998696495e-01 -2.813030612472238179e-01 -1.346108624990764169e-01 -3.930104404182386407e-02 9.051056795575862512e-02 -1.017622379647339786e-01 -1.067708817228832929e-01 2.105860778043176090e-02 -3.670714252622492291e-01 7.330552442184824768e-02 -1.910626154278833450e-02 -7.337782359379577124e-02 -1.152061450386100833e-01 -1.417443561587831136e-01 -5.081450727393085343e-01 -2.032853554120247208e-01 -1.313390050198429693e-01 2.664296216562593855e-01 1.824318172347176581e-01 2.818812400192848844e-01 -3.110139966183478877e-01 -5.780709720770448728e-02 8.790147765175293504e-02 1.970979439951213094e-02 -9.130550631893423474e-02 -7.695694691804032261e-02 -1.966832517228895849e-01 1.037127434061666659e-01 -2.556238775932391238e-01 -2.627942881426022503e-01 -1.381498433977764451e-01 1.468260762735773550e-01 -2.374367672736025017e-02 -7.531707050986555241e-02 5.761150976889031772e-02 -6.293110507966966083e-02 -7.531707050986555241e-02
-2.277360955204852377e-01 2.181656793629244973e-01 4.662475224893066102e-03 -3.293581135592204851e-04 1.477440566645770240e-02 -1.126494850810341730e-01 1.000000000000000000e+00 1.663466082926335146e-02 3.976154066598710000e-05 1.635234030131685057e-01 2.569321752515073554e-01 1.100954480396414553e-01 1.488115515972759928e-01 -2.708679258707289428e-01 5.338727356305418472e-04 -2.727004016329251934e-01 9.779152694264942047e-01 5.942132801864056235e-01 1.036555686255112713e-01 4.706150808230388227e-01 -3.758990727254079688e-03 -1.404403118039170562e-01 -1.745309941167213358e-02 -6.037091992037862953e-01 9.675014668174641841e-01 9.779152694264942047e-01 6.885391611636269005e-01 -6.025773251458605567e-03 -4.109859390832815706e-01 2.758529669216859461e-03 7.890348851356915327e-01 -5.777891979025924496e-02 4.087468304543190878e-01 3.524039981433645802e-02 4.501719707951159499e-01 -2.104360625739691917e-02 -3.018388344838006110e-01 -3.762416210798323613e-02 -3.593291524138478299e-01 3.614326793654981662e-01 5.826089366046249829e-01 -2.185223395517145728e-01 -9.810962834959728856e-04 7.661380321188169251e-01 8.766545352423263382e-02 3.070768711382101945e-01 -3.825326489958188331e-02 2.973922903420494479e-01 2.631285525574729722e-01 -3.395426864435208830e-02 -3.219168708081990987e-02 1.034135600201414734e-01 8.594407425655690158e-01 -3.591069002120491627e-01 1.607279929781985639e-01 8.594407425655690158e-01
-2.506677316678345910e-02 1.531540742205749622e-02 2.527737771565525216e-06 -1.305598308057331208e-03 -4.580189862169003860e-04 -5.421861482432151214e-02 1.663466082926335146e-02 1.000000000000000000e+00 -1.512643828796702075e-02 -5.482882524176832702e-03 3.248585903215369525e-02 -4.402432265510756136e-03 1.448982874603352983e-02 1.211326870271933580e-02 1.293658204266469455e-03 -2.674022031019897619e-02 1.632834852810021234e-02 1.300364017618728905e-02 8.513522783269479588e-03 3.761874285708939614e-02 -3.187600582322747383e-03 1.781752857906761939e-02 6.560053448546918943e-03 -7.139410273492396812e-03 1.578050385374476366e-02 1.632834852810021234e-02 -6.149477038259592958e-03 -8.166623758571666877e-03 -9.227166703400142139e-03 1.363952975077666269e-03 1.096391789659987952e-02 9.483173747260844472e-03 1.989854764424393851e-02 5.060532414721398420e-02 2.898089440717705606e-02 1.970281993289862629e-02 -4.111911101020708503e-02 -1.366732452070861664e-02 -2.705361443623614456e-02 4.969482769737652850e-02 4.009664131437861920e-03 -1.273677439563593479e-02 -1.323293055366887199e-03 1.193202898217631501e-02 4.976526805755013272e-03 1.159820272610031719e-02 -1.366432268214423304e-02 1.191913883458175887e-02 1.231269209555388433e-02 2.146858467596587244e-02 -1.431794669305258734e-02 1.216700591991687515e-02 1.259300385985698788e-02 -8.019989448064639148e-03 -1.429077151590625594e-02 1.259300385985698788e-02
-1.562927660891370030e-01 2.702320697435823052e-02 4.227051461975314564e-04 6.634499333446133851e-03 -1.613300216199707029e-03 1.917021559190149604e-01 3.976154066598710000e-05 -1.512643828796702075e-02 1.000000000000000000e+00 -2.076482765050160530e-03 -1.863742645147867250e-01 -1.346302803446152996e-01 8.559196575404874607e-02 -2.483696239892951296e-01 -6.663141573978725689e-03 -1.270329125600097586e-01 4.708277371522491235e-04 -6.014041662196870390e-04 -1.661534623782641995e-01 3.640201384815242719e-02 -1.114714793004285415e-01 -4.361769285100086657e-02 7.758503426011137405e-02 1.003295827821632374e-01 2.360163090575558530e-03 4.708277371522491235e-04 -6.699490156404645791e-02 -1.943322219527843508e-01 -1.986797295835104615e-01 -1.079467702663260489e-02 -5.602832597350075952e-03 -1.198214901432226726e-01 -2.087247515193860203e-01 -2.388467663033288224e-01 -5.892584390098821318e-02 -2.934245709262768287e-01 -3.595191497948163617e-02 9.892709365078341532e-01 -1.316743834080134901e-01 7.647947646718057657e-02 1.875669695813296164e-02 -9.047879439233107168e-02 6.648675074520669741e-03 1.012102208583674258e-02 -6.835968659246807744e-02 -1.146154639586282331e-01 -1.120816274989167721e-01 -1.060379212977264063e-01 4.647077559780592865e-02 -3.246800615434313753e-01 2.064630738572084678e-02 6.082808044503151823e-02 7.116396387131494056e-03 -1.545946920252644352e-01 -1.484060013857886606e-01 7.116396387131494056e-03
-3.218889438383702034e-02 7.767436592594451072e-02 4.402307313176548331e-03 -2.460114847595980953e-02 -3.817769456514302859e-03 3.544589628917891450e-02 1.635234030131685057e-01 -5.482882524176832702e-03 -2.076482765050160530e-03 1.000000000000000000e+00 -6.937433446232441417e-03 -3.501975889608680177e-03 -2.834519945067470043e-02 -5.960950050790778804e-02 2.542262857811632831e-02 1.313077054838005797e-01 1.846524125035379216e-01 1.798633526703679875e-01 1.468371956548807826e-03 2.893547811427487626e-01 8.827666538192528375e-03 1.917275477859270716e-01 3.421147496663848320e-02 -1.510143921569614411e-01 1.823148723438732799e-01 1.846524125035379216e-01 1.138513115395774905e-01 -6.446112614440036026e-02 -9.455297202153746527e-02 2.945808439399634493e-02 1.565984224967865157e-01 -6.012550453049146648e-02 2.973502367267304436e-01 -1.222601391612487820e-01 4.492560876448086458e-03 -3.005456967678092617e-02 -5.052256354467755256e-02 -2.169683673866742990e-02 8.651416382554825979e-02 1.645384413624103315e-01 1.524705033816313171e-01 2.195654523437648789e-02 -2.500769601135513151e-02 4.892786879103264153e-02 5.875211924140048142e-02 8.282335350783566474e-02 3.376425520935420477e-01 9.128709153968792012e-02 6.914559723855448481e-02 -3.444425460826701368e-02 6.869674765564811603e-01 -3.681529190647699068e-02 1.630843197143792001e-01 -1.116257065389605757e-01 7.933877546686607385e-02 1.630843197143792001e-01
-2.962432242794920678e-01 1.791609152120444970e-01 -4.227725044689921571e-04 -8.033317057029237818e-02 1.978802975144605333e-02 -3.378230847073200871e-01 2.569321752515073554e-01 3.248585903215369525e-02 -1.863742645147867250e-01 -6.937433446232441417e-03 1.000000000000000000e+00 1.825439333212394710e-01 1.249411651671870488e-01 1.133461862059732400e-01 8.033400738779043759e-02 -3.741723953258840329e-01 2.470546477335862634e-01 1.606246769432873311e-01 1.394908598203203620e-01 3.185834684222999535e-01 1.646544891116721310e-01 1.221553939566400876e-01 5.777472674791735846e-02 -2.020510308955074663e-01 2.401673703458342690e-01 2.470546477335862634e-01 5.687894158043801940e-02 2.908853933661159075e-01 -2.254456940649841590e-01 8.149262512711073769e-02 1.836408628030999635e-01 1.488288571115806147e-01 2.220565103170923649e-01 4.494414428714570975e-01 2.979641053035401721e-01 9.414618146545940258e-02 -5.856553456749147291e-01 -1.809188284871135755e-01 -4.165310422624385889e-01 3.536532958762093060e-01 1.648298136295987260e-01 -9.749276338349649462e-02 -8.066260969022077953e-02 1.912252776443214564e-01 2.053565854477828745e-01 4.550992629330502526e-01 -6.935780797018770150e-02 5.040601353688410891e-01 2.071557559216774536e-01 7.392526812405539327e-02 -1.643658198499013401e-01 5.010750297551212068e-02 1.952751947871640414e-01 -9.457097200227006228e-02 2.320927166330166158e-01 1.952751947871640414e-01
-1.999653702867758009e-01 2.251549013678149636e-01 -3.640370472741387029e-04 -8.250165384131797827e-03 -2.937065766347006241e-03 -4.564713941197038327e-01 1.100954480396414553e-01 -4.402432265510756136e-03 -1.346302803446152996e-01 -3.501975889608680177e-03 1.825439333212394710e-01 1.000000000000000000e+00 3.504943971036631606e-02 9.874520298918584849e-02 8.295636948346203979e-03 -2.037284982539290801e-01 1.031465765050019884e-01 6.354586338300415027e-02 -1.980313844466248183e-02 2.254173067658527263e-01 3.159821598168922538e-03 5.747651552539650988e-02 3.981820685298982643e-02 -1.054821861917188131e-01 9.675234145078347170e-02 1.031465765050019884e-01 -5.607692924176787413e-02 -5.236881393510211397e-02 -1.176896919397670549e-01 9.183582300755244524e-03 6.916344583199024454e-02 9.417286252244204403e-02 1.702737852619149173e-01 2.645678984192852412e-01 1.248616322958089053e-01 6.233441525372514919e-02 -2.609894311577914405e-01 -1.226228286964371611e-01 -2.126884310537663636e-01 3.001240902630489815e-01 7.994601410125569407e-02 -7.774715987292540875e-02 -8.416019876800330535e-03 8.816602457656792791e-02 6.466263601770828873e-02 1.637476087127840707e-01 -1.143128199827800513e-02 2.167491042556644876e-01 2.408605110163969665e-01 7.057234967493548894e-02 -7.093287445283950887e-02 2.432323768985661730e-02 6.773815534155437634e-02 -1.594076312101649628e-01 4.695053149083657645e-02 6.773815534155437634e-02
-2.735263737883727453e-01 4.065758136124479616e-02 -9.743588053384991598e-04 -1.182576663274684248e-02 1.887431180438632963e-02 -4.282271873930033890e-02 1.488115515972759928e-01 1.448982874603352983e-02 8.559196575404874607e-02 -2.834519945067470043e-02 1.249411651671870488e-01 3.504943971036631606e-02 1.000000000000000000e+00 1.148859057696634406e-01 1.186797448474369819e-02 -2.586632032871853948e-01 1.426504767548438801e-01 9.358105942643879516e-02 1.062139318994339970e-01 8.872345322492640463e-02 -5.242447923181158681e-02 -2.742313483436596873e-03 5.340532975538831578e-02 -2.393148205759999467e-02 1.404671942038357713e-01 1.426504767548438801e-01 3.548835919781038323e-02 2.814404268308049253e-02 -2.698821719583739398e-01 1.467282123833636188e-02 8.830576945301382707e-02 5.395752267399415991e-02 1.632657899276006297e-01 1.135870906037661776e-01 7.944875381003692338e-02 9.660224591013084894e-02 -3.244597522655363608e-01 9.567222017864492056e-02 -2.574766874307695130e-01 1.193645338844060017e-01 2.653826240674411405e-02 -3.093080199692856413e-01 -1.189834193292377794e-02 1.314404013951845362e-01 1.198589461672899988e-02 2.705367350989561492e-01 4.399651416610261996e-03 1.926453256017784943e-01 4.836173998346682268e-02 8.968566568319757959e-02 -1.040193061861375279e-01 9.100168041085089365e-01 1.200945356881497061e-01 -3.286324177467307983e-01 2.735463600385595329e-01 1.200945356881497061e-01
-8.721083890319261678e-02 -1.117642954515154878e-02 -4.907512869035597983e-03 -1.937186121133107133e-02 1.581892996331133588e-02 -1.326472521271804539e-01 -2.708679258707289428e-01 1.211326870271933580e-02 -2.483696239892951296e-01 -5.960950050790778804e-02 1.133461862059732400e-01 9.874520298918584849e-02 1.148859057696634406e-01 1.000000000000000000e+00 1.936743913569503872e-02 -6.898763072574476407e-02 -2.748959550500209570e-01 -1.672159336528595275e-01 1.175926964884140141e-01 -7.941833027468427064e-02 3.473300649682560526e-02 5.606684282460192015e-02 4.685782193341692103e-02 2.120520843422862012e-01 -2.739242114823270402e-01 -2.748959550500209570e-01 -2.515013791154174783e-01 1.755697811093114291e-01 5.516978046378193112e-02 2.502973976480405913e-02 -2.386904390947888199e-01 9.062390261539345071e-02 5.432224522503444897e-01 2.317794852411025341e-01 -6.776477464254881955e-02 9.868081258235063269e-02 -1.310770255108167082e-01 -2.176884511300192782e-01 -4.143599655547570287e-02 -6.483853760611529848e-03 -2.412749347560575186e-01 -4.875280278890273267e-02 -1.903000668334499379e-02 -1.920363784167773424e-01 1.047506554915260540e-01 1.199093157024556794e-01 2.156479535395289526e-01 1.268071747658069126e-01 -8.424673133613159309e-03 1.043003296857620416e-01 -6.433100936037340623e-02 1.078597483659618217e-01 -2.503632856239366156e-01 3.615881258872342876e-03 1.843248106924045560e-01 -2.503632856239366156e-01
-1.336273349393714456e-02 7.098386410600779871e-03 1.867477592651322314e-04 -9.999989486678980688e-01 8.630590991419097475e-04 -1.944448524662811470e-02 5.338727356305418472e-04 1.293658204266469455e-03 -6.663141573978725689e-03 2.542262857811632831e-02 8.033400738779043759e-02 8.295636948346203979e-03 1.186797448474369819e-02 1.936743913569503872e-02 1.000000000000000000e+00 2.673631290404345773e-01 5.055992223502563934e-04 3.719735670917971842e-04 -4.564952988983463425e-03 7.773110192429315279e-03 9.409497402030946034e-03 6.502309854146478760e-03 3.158397101705393960e-04 -1.360237146661114711e-03 4.063673182931458352e-04 5.055992223502563934e-04 -5.103465386461903015e-03 1.538861740715260010e-02 2.305793560154421329e-01 9.997411802367417444e-01 3.137581438923631671e-04 6.973290487586757125e-02 5.116560260404962729e-02 3.947374936162572484e-02 -4.319266431749209942e-04 -1.041487637220604202e-03 7.841826745158966827e-02 -6.503393444480637733e-03 -1.138567334975856479e-02 9.944271031405915381e-03 2.880007092309564147e-04 -1.350641410363041426e-04 -9.999983525308993038e-01 5.700591205358723377e-04 2.814545585543588770e-03 4.276691075208787114e-03 -1.889617704080482838e-03 8.824894434359209852e-03 7.879857649436111319e-03 -1.755460720339418459e-03 3.306813734096835516e-02 1.345539122236067038e-02 1.502915936496948741e-04 -1.542491420934745394e-02 5.472419744901868555e-03 1.502915936496948741e-04
8.281701461535319053e-01 -3.873807806184302871e-01 3.143337862096351291e-03 -2.669347217183901111e-01 -1.903171574912958589e-02 2.647344181477569447e-01 -2.727004016329251934e-01 -2.674022031019897619e-02 -1.270329125600097586e-01 1.313077054838005797e-01 -3.741723953258840329e-01 -2.037284982539290801e-01 -2.586632032871853948e-01 -6.898763072574476407e-02 2.673631290404345773e-01 1.000000000000000000e+00 -2.617416128186766389e-01 -1.878241121009031900e-01 -8.571160546909270886e-03 -5.853419359685522183e-01 1.157593009022078040e-01 -2.811488503227838609e-01 -1.399727027400852475e-01 1.596158387702769632e-01 -2.520012535651365848e-01 -2.617416128186766389e-01 1.445530206165286102e-01 4.641274577455234418e-02 8.465148958793612399e-01 2.724178437174709644e-01 -1.746942492824463677e-01 1.164356303385976205e-01 -3.171511626386180199e-02 -1.243817115103517945e-01 -2.210433113098928815e-01 6.645498514720381278e-02 8.177862746221894463e-01 -1.451900909267520023e-01 9.507364058428449116e-01 -6.655453569036797745e-01 -1.473428889001499875e-01 4.761645771083062861e-01 -2.665023303023408285e-01 -1.946495397995031684e-01 -2.290790953707212696e-01 -5.729488580588172342e-01 3.878807284878500461e-01 -6.881476322684721980e-01 -4.890402168843808184e-01 7.745174074518963725e-02 3.667354013545250369e-01 -1.871478650234031926e-01 -1.948900540889185740e-01 6.801267602143027391e-01 -2.609779176763410979e-01 -1.948900540889185740e-01
-2.106348553722974526e-01 2.170556611109693834e-01 4.128088272019536480e-03 -2.875735097312726051e-04 1.462071182708027384e-02 -1.067708817228832929e-01 9.779152694264942047e-01 1.632834852810021234e-02 4.708277371522491235e-04 1.846524125035379216e-01 2.470546477335862634e-01 1.031465765050019884e-01 1.426504767548438801e-01 -2.748959550500209570e-01 5.055992223502563934e-04 -2.617416128186766389e-01 1.000000000000000000e+00 7.255168953934271192e-01 1.088156579725688272e-01 5.066624449661986107e-01 -4.891726107048893941e-03 -1.436119428693396483e-01 -2.974420869174138407e-02 -6.331757296009626890e-01 9.907917673606078113e-01 9.999999999999998890e-01 6.711063573064318666e-01 -1.199387162386996060e-02 -4.102550205204886224e-01 2.699593650943989381e-03 8.163594768865093387e-01 -6.590337659808352677e-02 3.721869276083279998e-01 2.202042831290979691e-02 4.349225718507878091e-01 -1.956501411587723352e-02 -2.824912859458836301e-01 -4.302492264595279142e-02 -3.506777394197462261e-01 3.475609319910740735e-01 6.128609934835876905e-01 -2.188632756401636126e-01 -9.657770467379220378e-04 6.343348587246601111e-01 7.632497152114457728e-02 2.946693374639796636e-01 -3.963257191299994486e-02 2.798170537724675722e-01 2.576197947898707374e-01 -3.249901233128715122e-02 -2.680515559188689431e-02 1.015349299344088796e-01 8.869174143211435712e-01 -3.595045651258977903e-01 1.599075819246895125e-01 8.869174143211435712e-01
-1.529237452945584053e-01 1.833407948771114959e-01 1.112106289501500755e-03 -2.253595778562548255e-04 1.112533239139282260e-02 -7.981902402731903823e-02 5.942132801864056235e-01 1.300364017618728905e-02 -6.014041662196870390e-04 1.798633526703679875e-01 1.606246769432873311e-01 6.354586338300415027e-02 9.358105942643879516e-02 -1.672159336528595275e-01 3.719735670917971842e-04 -1.878241121009031900e-01 7.255168953934271192e-01 1.000000000000000000e+00 8.708240394402161355e-02 4.815320608822826198e-01 -1.366621787250069976e-02 -1.041928909319853880e-01 -4.338162219352657140e-02 -4.178396431492542584e-01 7.226011471805856567e-01 7.255168953934271192e-01 4.137074070508495738e-01 -2.451966927144893713e-02 -2.873411553908270522e-01 1.291601217003163779e-03 6.000201838595774495e-01 -6.233149133673521192e-02 1.547007327321243686e-01 -5.750596515981802603e-03 2.525072987027634497e-01 -1.320768192123111849e-03 -1.850745326479031339e-01 -3.343113906715508565e-02 -2.552043841095972820e-01 2.363777946046220491e-01 4.025480632328786723e-01 -1.498279170261108961e-01 -7.046465981826962634e-04 5.051423025844133108e-02 3.570258133912073556e-02 1.963083612741246264e-01 -5.349911980374671278e-02 1.815411079121988791e-01 2.075386843322779840e-01 -9.817413131604982648e-03 -1.411229061175627540e-02 7.155922412007909017e-02 6.616336885703966164e-01 -2.423972047859553058e-01 1.119788927980285842e-01 6.616336885703966164e-01
6.065208915427731245e-02 1.643914580995816527e-02 6.419436323599170236e-05 4.426405862711503374e-03 -8.272862529903998036e-03 -1.028084515524375492e-01 1.036555686255112713e-01 8.513522783269479588e-03 -1.661534623782641995e-01 1.468371956548807826e-03 1.394908598203203620e-01 -1.980313844466248183e-02 1.062139318994339970e-01 1.175926964884140141e-01 -4.564952988983463425e-03 -8.571160546909270886e-03 1.088156579725688272e-01 8.708240394402161355e-02 1.000000000000000000e+00 3.738980238778359666e-02 6.298516567169211433e-02 -1.756729773539641992e-02 -3.864392038298070098e-02 -1.017251508942088600e-01 1.079342787679479776e-01 1.088156579725688272e-01 8.168327510247107293e-02 1.329940242081772139e-01 4.302233789937873198e-02 -4.390122282002424658e-03 8.589458938511536357e-02 3.075070564761473585e-02 5.084157676096918294e-02 1.220296328492337795e-01 4.177133691468860877e-02 1.692271479888396990e-01 -2.224016468963885187e-03 -1.725367503412859327e-01 -1.594052267947573126e-02 -3.026830419946458677e-04 8.034226674617420128e-02 8.920246455960015308e-02 4.239267110475354247e-03 5.705289127736441757e-02 -9.910396157745469492e-05 1.369593512567117248e-02 -5.984054041060674067e-02 1.704733797023645636e-02 7.161410208742443467e-03 1.855191050193298608e-01 -2.875694602175907916e-02 8.297617082777711262e-02 9.661809178755846605e-02 1.077337586636963607e-01 6.509087305914887378e-02 9.661809178755846605e-02
-6.141490490691361437e-01 4.542227998068114059e-01 5.034910988765524615e-04 -7.813987826432952991e-03 2.285631910389505569e-02 -2.761995469998696495e-01 4.706150808230388227e-01 3.761874285708939614e-02 3.640201384815242719e-02 2.893547811427487626e-01 3.185834684222999535e-01 2.254173067658527263e-01 8.872345322492640463e-02 -7.941833027468427064e-02 7.773110192429315279e-03 -5.853419359685522183e-01 5.066624449661986107e-01 4.815320608822826198e-01 3.738980238778359666e-02 1.000000000000000000e+00 -5.360525259758749245e-02 4.872770373551941203e-01 4.700415765026313281e-02 -3.304292567474237940e-01 4.974792916167293799e-01 5.066624449661986107e-01 7.228483414597472456e-02 -8.538595641372331846e-02 -5.841967097888176585e-01 6.272861421429487029e-03 4.078748794110678699e-01 -9.306999523287970422e-02 1.659834804810489672e-01 4.393328012036658292e-02 2.434039663772813999e-01 -6.227352360607908005e-02 -5.433654777044599760e-01 2.170478794314565849e-02 -6.702692538488526086e-01 7.929045043898839129e-01 3.109518378171980402e-01 -2.166365642114385370e-01 -8.293830922329882907e-03 2.063611903411395332e-01 1.401431381028207246e-01 3.397102796291417981e-01 -1.671668688304621397e-01 4.677489767822151090e-01 5.371907569580420816e-01 -7.347159029689592780e-02 -8.280048483997638764e-02 5.600767587986868468e-02 4.302162094949535387e-01 -4.541326734167057122e-01 1.716096799557237373e-01 4.302162094949535387e-01
1.290259047251768876e-01 -3.794356393489028284e-02 5.998637758078240829e-04 -9.333644514202937489e-03 -2.582974285571495738e-03 -2.813030612472238179e-01 -3.758990727254079688e-03 -3.187600582322747383e-03 -1.114714793004285415e-01 8.827666538192528375e-03 1.646544891116721310e-01 3.159821598168922538e-03 -5.242447923181158681e-02 3.473300649682560526e-02 9.409497402030946034e-03 1.157593009022078040e-01 -4.891726107048893941e-03 -1.366621787250069976e-02 6.298516567169211433e-02 -5.360525259758749245e-02 1.000000000000000000e+00 -2.822262198638314165e-02 1.486299606501647122e-02 -5.550600913299599121e-02 -4.506133478611872197e-03 -4.891726107048893941e-03 5.675296101952593403e-02 5.910093444982186250e-01 1.311043850042340198e-01 1.156554094954355232e-02 9.429624244936618896e-04 8.989851520930725037e-02 6.586653202401382412e-02 3.733242649495046028e-01 7.032645969284946619e-02 7.070490052461674002e-02 6.117611772542538850e-02 -1.209998123813463000e-01 1.117169137748190849e-01 -7.036656648813514880e-02 4.731100292386231088e-02 1.133038017766319350e-01 -9.158834769174874213e-03 2.744158808220232941e-03 -9.601771071617930600e-03 -2.678186609705751620e-02 9.396795401008777027e-02 -2.382269707545950702e-02 -4.691796261395436707e-02 6.270948374596274633e-02 1.776395828358957873e-02 -4.783633701856344900e-02 -2.981305230952732265e-03 2.030617827340429060e-01 1.883619464373913199e-02 -2.981305230952732265e-03
-3.255619354895708528e-01 8.050593690393462870e-03 -5.944665301328224977e-04 -6.576997865688188026e-03 4.392344085907994218e-04 -1.346108624990764169e-01 -1.404403118039170562e-01 1.781752857906761939e-02 -4.361769285100086657e-02 1.917275477859270716e-01 1.221553939566400876e-01 5.747651552539650988e-02 -2.742313483436596873e-03 5.606684282460192015e-02 6.502309854146478760e-03 -2.811488503227838609e-01 -1.436119428693396483e-01 -1.041928909319853880e-01 -1.756729773539641992e-02 4.872770373551941203e-01 -2.822262198638314165e-02 1.000000000000000000e+00 3.655687143218645796e-02 7.657826967644965066e-02 -1.422895306896092837e-01 -1.436119428693396483e-01 -9.637888784472971315e-02 -3.563184499602824878e-02 -2.303461851478888767e-01 4.642417768419093357e-03 -1.172389705554579831e-01 -4.951968771194618923e-02 -4.773545595160032240e-02 1.222132929226949112e-02 -6.246007554122384731e-02 -1.746835028778420370e-03 -2.415941493570384624e-01 -3.695097415700326904e-02 -2.987322383661834002e-01 3.469286505926169606e-01 -8.075290444390870181e-02 -7.436211272598518274e-02 -6.697340172996582748e-03 -9.109806149119885343e-02 8.631283289322419505e-02 1.572474783318714986e-01 -9.346590199531656928e-02 2.365016639604545223e-01 8.602360661392697422e-03 -2.321378108806528701e-03 -2.083001678127884004e-02 -1.275590231383921629e-02 -1.273719330353284829e-01 -1.632079755720289849e-01 6.632869039796242261e-02 -1.273719330353284829e-01
-1.791397434581809556e-01 5.202885998397761835e-02 -6.756237199049366406e-04 -2.601140015251472335e-04 4.296363998088689046e-03 -3.930104404182386407e-02 -1.745309941167213358e-02 6.560053448546918943e-03 7.758503426011137405e-02 3.421147496663848320e-02 5.777472674791735846e-02 3.981820685298982643e-02 5.340532975538831578e-02 4.685782193341692103e-02 3.158397101705393960e-04 -1.399727027400852475e-01 -2.974420869174138407e-02 -4.338162219352657140e-02 -3.864392038298070098e-02 4.700415765026313281e-02 1.486299606501647122e-02 3.655687143218645796e-02 1.000000000000000000e+00 2.239315958858338271e-02 -3.267167240941459827e-02 -2.974420869174138407e-02 -9.670906999297557149e-02 2.639366955366553164e-02 -1.378344572971277049e-01 1.472632465065140022e-03 -3.687414976966248842e-02 3.323876190209981794e-03 6.842713141696592227e-02 3.456197716931014990e-02 4.910545513478777394e-03 -1.817733312067619511e-02 -1.792607262508702226e-01 8.719416082275073532e-02 -1.381737116345265193e-01 1.050755566034067556e-01 -1.632504421252359283e-02 1.262066958793701607e-02 -2.526265666242094566e-04 1.926129125009161738e-02 5.422038953197786532e-02 1.267004464452600176e-01 7.485688016249325560e-02 1.483698299748816563e-01 6.249547095196014007e-02 -2.413349630401527904e-02 2.413921622473045453e-02 2.504201006160086326e-02 -4.207184087767067149e-02 -1.338666381614174450e-01 3.545683709891090524e-02 -4.207184087767067149e-02
-1.667589926610386561e-02 -1.384058331551673848e-01 -2.284146730838060996e-03 1.178361433775330924e-03 -2.648238005531768861e-03 9.051056795575862512e-02 -6.037091992037862953e-01 -7.139410273492396812e-03 1.003295827821632374e-01 -1.510143921569614411e-01 -2.020510308955074663e-01 -1.054821861917188131e-01 -2.393148205759999467e-02 2.120520843422862012e-01 -1.360237146661114711e-03 1.596158387702769632e-01 -6.331757296009626890e-01 -4.178396431492542584e-01 -1.017251508942088600e-01 -3.304292567474237940e-01 -5.550600913299599121e-02 7.657826967644965066e-02 2.239315958858338271e-02 1.000000000000000000e+00 -6.186751999314734629e-01 -6.331757296009626890e-01 -3.239879987864636157e-01 -2.880064148706530311e-02 3.088578324472036063e-01 -4.600347988177528810e-03 -5.279893460782756343e-01 -8.919863979390227002e-03 -2.027050659232542684e-01 -3.342594252796144555e-02 -2.891463393725057784e-01 -2.387579136671463126e-03 9.097719705608350860e-02 1.922926957692651095e-01 2.079258883994549445e-01 -2.018943874399631300e-01 -9.911791056341077155e-01 1.643925750768182037e-01 1.686193269922117753e-03 -2.941655608894422347e-01 -2.412402269822237072e-02 -1.556511529532139393e-01 -3.998705604174127709e-02 -1.336126351063884332e-01 -1.233642998837343602e-01 4.978913804389713217e-04 -1.575453710356439999e-03 -1.384537659271758113e-02 -5.275329705326703422e-01 3.197489709255812440e-01 -1.409075775356112004e-01 -5.275329705326703422e-01
-2.015205956858763525e-01 2.007212172293032226e-01 4.026330976414361530e-03 -1.912960601911601135e-04 1.455828215869591803e-02 -1.017622379647339786e-01 9.675014668174641841e-01 1.578050385374476366e-02 2.360163090575558530e-03 1.823148723438732799e-01 2.401673703458342690e-01 9.675234145078347170e-02 1.404671942038357713e-01 -2.739242114823270402e-01 4.063673182931458352e-04 -2.520012535651365848e-01 9.907917673606078113e-01 7.226011471805856567e-01 1.079342787679479776e-01 4.974792916167293799e-01 -4.506133478611872197e-03 -1.422895306896092837e-01 -3.267167240941459827e-02 -6.186751999314734629e-01 1.000000000000000000e+00 9.907917673606078113e-01 6.745605224584461102e-01 -1.195168212656198825e-02 -3.983626922899816680e-01 2.551641747647556170e-03 8.632659187964210057e-01 -6.547626440597517639e-02 3.642145514391288419e-01 1.952287139336032762e-02 4.290103739762156088e-01 -2.176540896222955990e-02 -2.725637498035812789e-01 -4.040484355760333435e-02 -3.399141333610152249e-01 3.352596840414838186e-01 5.988086780245290841e-01 -2.116340215068706065e-01 -8.552630282728724198e-04 6.248268665688186951e-01 7.233770428085672943e-02 2.838750694896690629e-01 -4.005969918671985208e-02 2.687480122437338470e-01 2.418174006343699611e-01 -3.471756688264043128e-02 -2.590349990676747358e-02 1.005877758223606561e-01 9.386473850081412662e-01 -3.473606484483309220e-01 1.542657137716105520e-01 9.386473850081412662e-01
-2.106348553722974526e-01 2.170556611109693834e-01 4.128088272019536480e-03 -2.875735097312726051e-04 1.462071182708027384e-02 -1.067708817228832929e-01 9.779152694264942047e-01 1.632834852810021234e-02 4.708277371522491235e-04 1.846524125035379216e-01 2.470546477335862634e-01 1.031465765050019884e-01 1.426504767548438801e-01 -2.748959550500209570e-01 5.055992223502563934e-04 -2.617416128186766389e-01 9.999999999999998890e-01 7.255168953934271192e-01 1.088156579725688272e-01 5.066624449661986107e-01 -4.891726107048893941e-03 -1.436119428693396483e-01 -2.974420869174138407e-02 -6.331757296009626890e-01 9.907917673606078113e-01 1.000000000000000000e+00 6.711063573064318666e-01 -1.199387162386996060e-02 -4.102550205204886224e-01 2.699593650943989381e-03 8.163594768865093387e-01 -6.590337659808352677e-02 3.721869276083279998e-01 2.202042831290979691e-02 4.349225718507878091e-01 -1.956501411587723352e-02 -2.824912859458836301e-01 -4.302492264595279142e-02 -3.506777394197462261e-01 3.475609319910740735e-01 6.128609934835876905e-01 -2.188632756401636126e-01 -9.657770467379220378e-04 6.343348587246601111e-01 7.632497152114457728e-02 2.946693374639796636e-01 -3.963257191299994486e-02 2.798170537724675722e-01 2.576197947898707374e-01 -3.249901233128715122e-02 -2.680515559188689431e-02 1.015349299344088796e-01 8.869174143211435712e-01 -3.595045651258977903e-01 1.599075819246895125e-01 8.869174143211435712e-01
1.835571586090398721e-01 -1.065019298300686618e-01 6.592437798310910035e-03 5.357554726933765402e-03 2.309860159302721302e-04 2.105860778043176090e-02 6.885391611636269005e-01 -6.149477038259592958e-03 -6.699490156404645791e-02 1.138513115395774905e-01 5.687894158043801940e-02 -5.607692924176787413e-02 3.548835919781038323e-02 -2.515013791154174783e-01 -5.103465386461903015e-03 1.445530206165286102e-01 6.711063573064318666e-01 4.137074070508495738e-01 8.168327510247107293e-02 7.228483414597472456e-02 5.675296101952593403e-02 -9.637888784472971315e-02 -9.670906999297557149e-02 -3.239879987864636157e-01 6.745605224584461102e-01 6.711063573064318666e-01 1.000000000000000000e+00 5.984548971355104635e-02 1.303204695160868447e-02 -2.560395325377802424e-03 5.496826228227842392e-01 -1.159643106834003061e-02 2.760434196638996140e-01 -6.903018243154572346e-03 2.720670591435255803e-01 2.976621529824828929e-02 1.023158062747038105e-01 -9.529650584948488878e-02 9.736003289393199700e-02 -1.396514518095934021e-01 3.138331965619949315e-01 -3.347327535018803507e-02 5.076004773491855915e-03 6.014550479102152014e-01 -8.650458199791514688e-03 1.106838276871976029e-01 5.378778154295717207e-02 1.089038964838990459e-03 -1.305965666125102620e-01 2.349641072573326397e-02 6.201909010086583546e-02 9.166962420590554425e-03 6.286499611009077615e-01 1.925737983553839697e-02 6.373576534877238575e-02 6.286499611009077615e-01
1.163693700459281360e-01 -5.911955891725725193e-02 -9.218537685123810775e-05 -1.539432741192276258e-02 -5.448331654264348262e-03 -3.670714252622492291e-01 -6.025773251458605567e-03 -8.166623758571666877e-03 -1.943322219527843508e-01 -6.446112614440036026e-02 2.908853933661159075e-01 -5.236881393510211397e-02 2.814404268308049253e-02 1.755697811093114291e-01 1.538861740715260010e-02 4.641274577455234418e-02 -1.199387162386996060e-02 -2.451966927144893713e-02 1.329940242081772139e-01 -8.538595641372331846e-02 5.910093444982186250e-01 -3.563184499602824878e-02 2.639366955366553164e-02 -2.880064148706530311e-02 -1.195168212656198825e-02 -1.199387162386996060e-02 5.984548971355104635e-02 1.000000000000000000e+00 1.580703579674986037e-01 1.745533527710309285e-02 -1.221290513717883386e-02 1.204503385599351578e-01 1.306727128558309303e-01 6.120398440637176973e-01 1.655319975332443794e-01 1.524294859986185802e-01 -6.737614163780311638e-04 -1.927590854661171693e-01 5.293760825615891064e-02 -9.141552128064871219e-02 8.375607927261059793e-03 3.970151173854152317e-03 -1.531435416935528378e-02 1.651629797629051988e-02 2.214360930214578568e-02 5.499939850861240709e-02 3.915919592844722269e-02 3.117296564668796746e-02 -7.435848501230490903e-02 1.534043477046833637e-01 -7.557686516361698803e-02 1.736971913956733560e-02 -1.234207814975702387e-02 1.908184569936613451e-01 9.434030944016479070e-03 -1.234207814975702387e-02
