1.000000000000000000e+00 -4.684048004762867978e-01 7.330140321991243744e-04 3.125354413253009223e-02 -1.643295709156877490e-02 1.013172969148708330e-01 -2.123797267120804133e-01 -3.664762435221562836e-02 1.771878606104333384e-02 -1.433140221270272074e-01 -3.515076096004014494e-01 -1.840225375719800049e-01 -8.833637572623283946e-03 -7.941033322978888198e-02 3.895922462040909973e-02 8.603489276159362875e-01 -1.881439261082543946e-01 -1.437016563910672173e-01 -4.110853209829273824e-02 -6.993119883546896620e-01 7.625728077432741836e-02 -4.188703316554521217e-01 -1.625611434091067120e-01 -6.372317082614696593e-02 -1.737774801585669493e-01 -1.881439261082543946e-01 1.590622982915925743e-01 1.620636416487973575e-01 7.930170915973538959e-01 1.265139534184098746e-01 -7.813677513547813425e-02 2.098297458968483853e-01 -1.408028348358467963e-01 4.542881128633454585e-02 -1.363323978055177299e-01 2.093477541692702337e-01 8.381088592178572716e-01 4.395995764250528078e-03 8.731233195229420874e-01 -7.003684457596023316e-01 9.328552567064317402e-02 2.848585039841769473e-01 2.210660719692964238e-01 -1.923428150416954530e-01 -2.019122455571984442e-01 -5.256504415113907314e-01 1.482593139872814825e-01 -6.950412836632356983e-01 -5.818548735014672513e-01 2.420323909041091626e-01 1.419394708892530443e-01 9.537986425943419458e-03 -1.064509999011419850e-01 7.027189626950446355e-01 -1.592040583162382394e-01 -1.064509999011419850e-01
-4.684048004762867978e-01 1.000000000000000000e+00 -1.082615422262964546e-04 -1.366814630454176935e-02 2.791773061466503326e-03 -1.585795978560532171e-01 3.115595378660476200e-01 -3.944066180769870839e-03 1.956114662754765074e-02 1.926902945660550204e-01 1.947338365300806673e-01 1.871781298965153051e-01 -2.075847339174620096e-02 -2.442934518799806318e-02 -2.487497213499323748e-02 -4.683697387263907608e-01 3.063601079068120070e-01 2.419407014225851693e-01 -1.150109928079388714e-02 4.775801997509185881e-01 -1.860423357394202018e-02 -3.621914273081087293e-02 6.753561699124074891e-02 -1.571259602350122686e-01 2.793425411779837941e-01 3.063601079068120070e-01 -7.830203909769734016e-02 -8.207834267116019544e-02 -4.345796269791987743e-01 -8.184771468075968670e-02 1.970037907349563855e-01 -1.123718384656265667e-01 1.238351798647183560e-01 -8.897988682453266546e-03 1.683120717300692071e-01 -8.491629816721819879e-02 -3.920839094709289707e-01 2.247494611987335689e-02 -4.975894883767188470e-01 5.026726248240755979e-01 1.327461646349011870e-01 -1.107225384070658208e-01 -1.586125028837302720e-01 2.108443144332089181e-01 6.791348275363759401e-02 2.323619282621870730e-01 -1.354120935814632498e-01 3.302502134549017976e-01 9.290996416363109800e-01 -8.707258459379665916e-02 -3.141625390817117530e-02 -1.447272187489407128e-02 1.707055968093333653e-01 -3.212840734036656598e-01 8.352268845397574359e-02 1.707055968093333653e-01
7.330140321991243744e-04 -1.082615422262964546e-04 1.000000000000000000e+00 8.957985869551720465e-03 -8.212335802576852331e-05 6.840973639959476880e-04 5.552281432900351907e-03 1.796193029049454322e-04 4.401126717861933955e-03 5.792693526404685267e-03 -3.470348715509752411e-03 -5.244100451231109789e-04 8.101048833968193131e-04 -5.267384999418937321e-03 -3.154295757381105417e-03 3.725121789772271961e-03 4.643686394167968398e-03 8.977945534411321598e-04 -7.020748911197919034e-04 9.627040924337384694e-05 -3.889317055287996286e-04 -1.021418171313421197e-03 8.339900490725676808e-04 -9.246190445005602514e-04 4.887222064112834927e-03 4.643686394167968398e-03 7.456916811622855794e-03 -6.658409213666929101e-04 -1.142407620399693438e-03 -1.058970638832590567e-03 2.606353917597736564e-03 -2.859037680539133763e-03 1.256741380209833907e-03 -2.338162603180031929e-03 9.773033791000932270e-04 -5.775455881877167947e-04 1.053001213936727081e-03 4.360725808440428508e-03 2.878658769650258541e-03 -8.982908190072302467e-04 1.524819294975527685e-03 -1.361375409131762929e-03 7.509622923511714669e-03 8.371602875642380343e-03 -1.801355370933238262e-03 8.238248241127587397e-04 2.015728586987626091e-03 -1.284722139577209243e-04 -4.941575053258182504e-04 -1.440781820766884498e-03 7.604492577101391003e-03 1.560644469442264278e-03 4.775490865182552627e-03 -2.858181072539131388e-03 -6.134318943475325575e-04 4.775490865182552627e-03
3.125354413253009223e-02 -1.366814630454176935e-02 8.957985869551720465e-03 1.000000000000000000e+00 1.054876170491758462e-02 2.206031731974513951e-02 2.037303890031125567e-02 -1.084067408707194841e-02 2.000668309491761554e-01 4.699636631359599970e-01 -1.147872744559503590e-02 4.796574468154117532e-02 -7.485008140736072735e-02 -3.887521674520359044e-02 -6.111982919618489524e-02 2.652185964322242850e-01 2.501988213040612363e-02 6.497333571955602773e-03 -7.455938675748624567e-02 -1.150456862848775602e-01 1.424162795416884092e-02 -9.231986282599206894e-02 2.316974086992834581e-02 -2.996831407794754275e-03 2.151102111538736456e-02 2.501988213040612363e-02 1.361133393420136117e-01 -1.417187656867431068e-02 -2.349154513547573823e-03 1.291731560929176015e-01 3.876349744739218933e-03 -5.622107970583672260e-02 2.103542323964902316e-01 -3.837578754598938019e-02 -8.706180436952443147e-02 1.249940095205307952e-02 -3.953444134778594937e-02 1.964968371113633983e-01 2.373811843411043621e-01 -1.489025669725597412e-01 3.367024167640335353e-02 -1.140245983814260761e-02 5.508225485089414120e-01 1.240092446219222266e-02 4.218674446268426415e-02 2.635236277118391604e-02 4.622269684534374146e-01 5.022731464171600185e-02 -1.779058527324679090e-02 -5.986702668409622785e-03 5.065915103348955784e-01 -9.014114313185205007e-02 1.270486411503492924e-02 -7.925318734996754377e-02 -3.092209193690027835e-02 1.270486411503492924e-02
-1.643295709156877490e-02 2.791773061466503326e-03 -8.212335802576852331e-05 1.054876170491758462e-02 1.000000000000000000e+00 -4.764916098189993232e-02 1.349779294827659244e-02 -7.945034343688345269e-04 -4.070352944242396076e-02 -2.302882372280928760e-03 2.102417172388434258e-02 -3.695673077651254364e-03 -5.308541155863891192e-03 3.513160094710968129e-02 1.661886390236111052e-02 -1.603036720265223550e-02 9.475181300175914562e-03 2.243805606217404267e-04 -2.146433526283520257e-02 1.235426970107590151e-02 -2.199052192838876763e-03 4.739382712785207910e-03 4.179119428401593950e-03 1.724585120867838791e-03 8.724581262301505519e-03 9.475181300175914562e-03 1.317955634987522280e-02 -6.224083437335675532e-03 -4.699577874728387734e-03 3.372309666864901911e-02 5.618430647478811664e-03 1.800233291020914657e-03 4.614788605422069645e-02 2.816729192940654880e-02 2.655517469223922164e-02 2.254943676234978309e-02 -2.734958895781582078e-02 -4.077315734175081946e-02 -1.493159290785838443e-02 2.395979529561283183e-02 -7.458951196851420704e-03 -6.308546597649146263e-03 5.215875516101782213e-04 2.218856330165720758e-02 3.287012521835787435e-03 1.106600654020533855e-02 9.529589713293521239e-03 9.711519380170816756e-03 8.396470999712935326e-03 2.811058182301422875e-02 -8.002375949996774762e-03 -8.278230196986377867e-03 5.505166228614040598e-03 -2.203379475444025831e-03 -4.602776658757200962e-02 5.505166228614040598e-03
1.013172969148708330e-01 -1.585795978560532171e-01 6.840973639959476880e-04 2.206031731974513951e-02 -4.764916098189993232e-02 1.000000000000000000e+00 -1.275300524438967575e-01 -9.116390549771200003e-02 2.791094855470245273e-01 9.631402921964489494e-02 -3.732965532212759729e-01 -5.060852401030075942e-01 -1.701079267539096496e-01 -2.532263857944196395e-01 -3.405609524945150679e-01 2.186864948546222431e-01 -1.094331275410633658e-01 -5.154202931282548389e-02 -3.876781137286929024e-02 -1.621001860562519270e-01 -1.794593702774976152e-01 -5.405163075618915798e-03 -4.005568824556116764e-02 1.007880820145929807e-01 -1.066491866868028437e-01 -1.094331275410633658e-01 -5.456184584872745408e-02 -4.342807739903333797e-01 -2.845151336046653975e-02 -5.242495392563734785e-02 -7.393016366971311149e-02 -6.879805836550292875e-02 -2.415340584730551743e-01 -5.621174938398404430e-01 -2.660423999566977615e-01 -2.018225394253757576e-01 2.328372113079068828e-01 2.783532849375034979e-01 2.091266990347757926e-01 -2.147631413857575555e-01 -5.439978374424827429e-02 7.856783425245000840e-02 1.504888983078317422e-01 -1.567978083710563353e-01 8.850327550530449200e-03 -2.288381823454480879e-01 5.358937744566597688e-02 -2.343577680300977240e-01 -1.322290211734933052e-01 -2.543799021702379815e-01 1.899448776822761364e-01 -1.951861407000344550e-01 -8.096717819613570566e-02 -7.145003126967200413e-02 -6.942040988411742053e-02 -8.096717819613570566e-02
-2.123797267120804133e-01 3.115595378660476200e-01 5.552281432900351907e-03 2.037303890031125567e-02 1.349779294827659244e-02 -1.275300524438967575e-01 1.000000000000000000e+00 6.614680483918618237e-03 -2.199264733197710611e-02 1.641815208427740147e-01 1.435758161815348100e-01 1.507403744120530131e-01 8.761468681284668991e-02 -6.026241850699295965e-02 -1.132821420852899927e-02 -3.688634814889100721e-01 9.779115228774459823e-01 5.942002080493159477e-01 -5.819989642773835264e-02 4.099452812288102432e-01 -2.105117314625830696e-02 -2.145729763630684350e-01 1.194754999731029305e-01 -6.131689743754042965e-01 9.675310143748793168e-01 9.779115228774459823e-01 6.043053795603734457e-01 -4.990315309311284253e-02 -4.416371684797816832e-01 6.992392151444490334e-02 7.893027485419215061e-01 1.365403447081278525e-02 4.592183991697655343e-01 2.135310607600798133e-02 5.863238433199281507e-01 -1.886894297293111311e-01 -2.759721155179505336e-01 -4.461566055183573132e-02 -4.266632500588097288e-01 4.560812496532851701e-01 5.827423707350214421e-01 -2.612417032389209304e-01 -2.832683940323134086e-01 7.661070288952120944e-01 6.696315942997747850e-02 3.628515243546956981e-01 -9.269761894741281039e-02 3.277273287476779040e-01 3.399076771956954235e-01 -1.894835024658017564e-01 -4.185933662331312033e-02 7.062733065129014887e-02 8.596696277300918121e-01 -4.085179900409538489e-01 2.469813120736639167e-01 8.596696277300918121e-01
-3.664762435221562836e-02 -3.944066180769870839e-03 1.796193029049454322e-04 -1.084067408707194841e-02 -7.945034343688345269e-04 -9.116390549771200003e-02 6.614680483918618237e-03 1.000000000000000000e+00 -8.688208193027385784e-02 -9.179600788168636259e-04 4.897384066702424599e-02 -8.316378359596822076e-03 7.838861204479645808e-03 5.420819632095166818e-02 3.738066003196730686e-02 -3.788313434234938382e-02 1.306437636706418411e-03 -7.862657337698746030e-03 9.076263173248513838e-03 4.338167722258251535e-02 -1.044030178103179385e-03 5.799685954429965179e-02 9.631599581866240323e-03 3.021597066158252486e-03 3.465670681661328851e-04 1.306437636706418411e-03 8.412424270405428894e-03 -1.400606377214515252e-02 -4.851948099564209332e-03 1.994485951695347536e-02 -6.592610896927391349e-03 4.144564848881210871e-03 3.665842772112720693e-02 7.650926590941449501e-02 3.342271485919350027e-02 2.519308988223188661e-02 -5.956631655566554245e-02 -8.714880116374243424e-02 -3.422695202830742384e-02 5.507250354036287432e-02 -1.527558433504046416e-02 -1.618508611050995666e-02 -2.541183606819240673e-02 2.358125753823869103e-02 -1.712750304061011128e-02 1.436467188170809789e-02 -1.964071081738123434e-02 1.954420993995212991e-02 -3.795333939084681238e-03 4.305305997396569745e-02 -1.977400390751620635e-02 9.438255473241093443e-03 -3.783644076126843614e-03 6.474678339921785368e-03 -5.194525288710455380e-02 -3.783644076126843614e-03
1.771878606104333384e-02 1.956114662754765074e-02 4.401126717861933955e-03 2.000668309491761554e-01 -4.070352944242396076e-02 2.791094855470245273e-01 -2.199264733197710611e-02 -8.688208193027385784e-02 1.000000000000000000e+00 4.244156032821986418e-02 -2.645328541268592848e-01 -1.861521466523624324e-01 -1.019016075980072461e-01 -4.917415749356064958e-01 -3.690281531992894437e-01 9.968255303465783923e-02 1.168751111531087308e-02 9.827201047422715052e-02 -2.110638739591016444e-01 -1.405611506505809738e-01 -5.595897198783297832e-02 -9.486678074590480791e-02 -4.758559036896899130e-02 4.447444328367589073e-02 9.593176166357023776e-03 1.168751111531087308e-02 1.677539759250128437e-01 -1.793473727264265349e-01 -1.446413094507206232e-01 -2.171971048058364551e-01 -2.106111476410101047e-02 -2.319276442521060744e-01 -3.842342037857899850e-01 -4.064125547560134000e-01 -1.789108353598930778e-01 -1.143228691738932268e-01 1.798435646482674788e-01 9.962001780490487013e-01 6.855800270752651637e-02 -2.692628907374188807e-01 9.502732442865029217e-02 5.686090530209677446e-02 9.855682794856987505e-02 -1.025415427281430453e-01 5.419457448139534256e-02 -1.924672296768377144e-01 -7.049232540459723917e-02 -1.961086849518813291e-01 4.599840216675898930e-02 -2.436836528852378558e-01 1.069635469556489415e-01 -1.450054161043045908e-01 6.995554435671413190e-03 -1.825994763566685455e-02 -2.888047435283486730e-01 6.995554435671413190e-03
-1.433140221270272074e-01 1.926902945660550204e-01 5.792693526404685267e-03 4.699636631359599970e-01 -2.302882372280928760e-03 9.631402921964489494e-02 1.641815208427740147e-01 -9.179600788168636259e-04 4.244156032821986418e-02 1.000000000000000000e+00 -1.525366143931382486e-02 -8.646620107121118226e-03 -8.257480475223417937e-02 2.182863551090221538e-02 -1.525834368039881705e-01 -5.726709844536469196e-02 1.742579446665788734e-01 1.615166912656094966e-01 -8.126434564478058134e-04 3.547479989044632354e-01 -2.389405638473830057e-02 1.953648610638310523e-01 4.136331837980904147e-02 -9.561020324855089292e-02 1.653873847427324295e-01 1.742579446665788734e-01 1.230552888779349978e-02 -1.153800815239675870e-01 -2.706430690712471887e-01 3.471748638211724115e-03 1.230494790499955110e-01 -8.811698424978844923e-02 2.539797200309014680e-01 -1.614436780497135460e-01 2.055893744827193628e-02 -1.584296839833578829e-01 -1.753644735074223193e-01 3.805737665830069560e-02 -7.725440504782588036e-02 2.727146276108560197e-01 9.538168899599684669e-02 -6.649221133221162872e-02 1.530464344945908217e-01 7.476471653772950865e-02 7.040992928569610176e-02 8.141863093466962520e-02 1.578099651665169911e-01 1.127491953555616599e-01 2.230598706897063410e-01 -1.585345580526734133e-01 6.428419751327264509e-01 -9.923954644254569246e-02 1.270931245754611805e-01 -2.427034401256347729e-01 4.098166635258797957e-02 1.270931245754611805e-01
-3.515076096004014494e-01 1.947338365300806673e-01 -3.470348715509752411e-03 -1.147872744559503590e-02 2.102417172388434258e-02 -3.732965532212759729e-01 1.435758161815348100e-01 4.897384066702424599e-02 -2.645328541268592848e-01 -1.525366143931382486e-02 1.000000000000000000e+00 1.854719425205193506e-01 3.100917305256796208e-01 2.792708584997608545e-01 4.353930048865126134e-01 -5.067204100024488289e-01 1.161995590256111599e-01 -2.030092226134841318e-04 1.764248334338374413e-01 3.179561885799845333e-01 9.136410035346850811e-02 1.682023050457365498e-01 1.965684769407704535e-01 -1.728153371067915334e-01 1.054765403176203126e-01 1.161995590256111599e-01 -3.163389409596109592e-02 3.478257806163586596e-01 -2.421483292500328233e-01 1.178421798342156879e-01 7.584583399445170293e-02 1.161134593431604606e-01 2.666089029824013079e-01 5.204658245607520772e-01 2.777587217678046949e-01 2.373090661304999294e-01 -6.600674534969777074e-01 -2.663371024507734108e-01 -4.797823831091818647e-01 3.615486865265043481e-01 1.276694022787895899e-01 -2.630979740942334111e-01 -1.877916602591943873e-01 1.622923337565618518e-01 1.601480935865672861e-01 5.543941206721748616e-01 3.030892349168928107e-02 5.797743065979724664e-01 2.066515973996066458e-01 2.483638860288225891e-01 -2.535779045453643299e-01 2.891392723647437935e-01 5.967439371165456086e-02 -1.099443339215444293e-01 2.225585762885292362e-01 5.967439371165456086e-02
-1.840225375719800049e-01 1.871781298965153051e-01 -5.244100451231109789e-04 4.796574468154117532e-02 -3.695673077651254364e-03 -5.060852401030075942e-01 1.507403744120530131e-01 -8.316378359596822076e-03 -1.861521466523624324e-01 -8.646620107121118226e-03 1.854719425205193506e-01 1.000000000000000000e+00 -2.647619870442187093e-02 1.428591169372920022e-01 1.697228751370780664e-01 -1.963221769635522529e-01 1.261778430952764929e-01 5.075079829816101645e-02 -1.590104972695392804e-01 1.700220119033228339e-01 8.859927519545585106e-02 1.286789166700893876e-02 4.268758493264222104e-02 -7.533944960770741495e-02 1.194791306777178985e-01 1.261778430952764929e-01 5.629454662979584308e-03 -6.514991700155933763e-02 -8.979585558346250829e-02 3.544609499882590831e-02 7.362450794081341898e-02 6.496091634787011515e-02 2.690959695282272857e-01 2.795886464401167171e-01 2.467649199567929774e-01 6.198180142886464128e-02 -2.657912061582227148e-01 -1.820379857953576819e-01 -1.909976078707800451e-01 2.591001476488465904e-01 4.000091790995807112e-02 -6.256791965623682839e-02 -5.884999738163539801e-02 1.835436024141357259e-01 -2.671525607503588001e-02 2.144468335862099728e-01 5.234778743219644509e-02 2.508593854529783118e-01 1.494983843387539535e-01 8.924835078872045413e-02 -7.051082943306379025e-02 2.094757746143673799e-02 8.271270377279099639e-02 -1.302876351335825744e-01 3.065301022743024961e-02 8.271270377279099639e-02
-8.833637572623283946e-03 -2.075847339174620096e-02 8.101048833968193131e-04 -7.485008140736072735e-02 -5.308541155863891192e-03 -1.701079267539096496e-01 8.761468681284668991e-02 7.838861204479645808e-03 -1.019016075980072461e-01 -8.257480475223417937e-02 3.100917305256796208e-01 -2.647619870442187093e-02 1.000000000000000000e+00 2.040656372205379709e-01 3.386627049100838227e-01 -1.383253308489282296e-01 6.427067870741795530e-02 -1.364142568503278613e-02 1.702250363946490042e-01 -2.858362775055107996e-02 3.174671267463950730e-02 -2.575191985918872262e-03 8.389763969349793571e-02 -4.860629389353577495e-02 6.760663734600758090e-02 6.427067870741795530e-02 1.164895952035998050e-01 2.363261774514684721e-01 2.613579201211222586e-02 1.326368203972645154e-01 6.101908862047303317e-02 3.062143493434057451e-01 1.948783986496785692e-01 3.364974973108297851e-01 1.589929899833825155e-01 4.238285925646377850e-01 -1.899372149497932927e-01 -8.722636060678506942e-02 -1.175429418344595550e-01 4.037959465856635899e-02 3.092435921196406978e-02 -1.173763449749559429e-01 -1.102765499711744202e-02 1.520207495147678500e-01 7.325383593606749066e-02 3.080140129168569274e-01 -5.900844741609315852e-02 2.300330381304521998e-01 -6.353272156567445206e-02 4.142053726489968724e-01 -1.427006672548462585e-01 9.363852430456307552e-01 6.383511827007849748e-02 1.001855745577661522e-01 3.305012171293625900e-01 6.383511827007849748e-02
-7.941033322978888198e-02 -2.442934518799806318e-02 -5.267384999418937321e-03 -3.887521674520359044e-02 3.513160094710968129e-02 -2.532263857944196395e-01 -6.026241850699295965e-02 5.420819632095166818e-02 -4.917415749356064958e-01 2.182863551090221538e-02 2.792708584997608545e-01 1.428591169372920022e-01 2.040656372205379709e-01 1.000000000000000000e+00 2.702413022181825442e-01 -1.384837947984170758e-01 -7.641504602095046395e-02 -8.267845421713732046e-02 4.614929200364490947e-01 1.336738436740177172e-01 8.202338530786054682e-02 1.641770679255568632e-01 2.891355591426355426e-02 5.488189094012947689e-03 -7.256704136362517044e-02 -7.641504602095046395e-02 -1.888000868543780741e-01 2.633994075046773853e-01 5.357993548908824427e-02 3.211422454615093791e-01 -3.677599063967341986e-02 1.587891007559641410e-01 7.013006177240511674e-01 3.728839679113465921e-01 4.999383113389979649e-02 8.907430183560541281e-02 -2.136985317087973513e-01 -4.865302438374800031e-01 -1.107335331916915050e-01 1.758865254412543266e-01 -7.220703772555463196e-02 -4.102842797282832410e-02 1.580858674719018420e-01 -1.075290109440481083e-02 -8.476920651926525552e-03 1.516317123150253132e-01 2.022362369350094724e-01 1.992405218537186273e-01 -3.127281844857476151e-02 1.352251379070186776e-01 -8.401034102791626879e-02 2.049042214225180458e-01 -5.554715955023577928e-02 7.946242051753592273e-02 2.307811411612029906e-01 -5.554715955023577928e-02
3.895922462040909973e-02 -2.487497213499323748e-02 -3.154295757381105417e-03 -6.111982919618489524e-02 1.661886390236111052e-02 -3.405609524945150679e-01 -1.132821420852899927e-02 3.738066003196730686e-02 -3.690281531992894437e-01 -1.525834368039881705e-01 4.353930048865126134e-01 1.697228751370780664e-01 3.386627049100838227e-01 2.702413022181825442e-01 1.000000000000000000e+00 -9.845099703195279994e-02 -3.665638269970623170e-02 -8.729705278987308359e-02 1.622201724117282307e-01 -8.543775295162824718e-03 7.766773346631425379e-02 3.627510072306254756e-03 1.568474099467865590e-01 -6.106576276945244143e-04 -3.174740915641217215e-02 -3.665638269970623170e-02 3.846946340406819011e-03 2.722006846859755247e-01 3.349119308214005830e-01 1.147062101247505184e-01 -1.192018306783663821e-02 6.197100956274973482e-01 2.068861053569205077e-01 6.949182082298326346e-01 1.928793456751254909e-01 3.691067312855545457e-01 -1.776080356851596487e-01 -3.600347393131276830e-01 -5.926615182499800349e-02 6.573985671776962081e-02 -4.957499586447636913e-02 -1.785889315262658150e-01 -9.463214076393244856e-02 7.997453712166116557e-02 7.485093804176655343e-04 2.080249965940873802e-01 2.355527677433650463e-02 2.162852023694430970e-01 -6.670519894421593488e-02 3.707709020039606784e-01 -2.357668361892145403e-01 3.540353037013617699e-01 -2.033571428579062507e-02 1.282077190414146195e-01 1.692714011313987132e-01 -2.033571428579062507e-02
8.603489276159362875e-01 -4.683697387263907608e-01 3.725121789772271961e-03 2.652185964322242850e-01 -1.603036720265223550e-02 2.186864948546222431e-01 -3.688634814889100721e-01 -3.788313434234938382e-02 9.968255303465783923e-02 -5.726709844536469196e-02 -5.067204100024488289e-01 -1.963221769635522529e-01 -1.383253308489282296e-01 -1.384837947984170758e-01 -9.845099703195279994e-02 1.000000000000000000e+00 -3.483594253287349840e-01 -2.344132638993986772e-01 -1.114420848740151904e-01 -7.304934845531040333e-01 5.121084787703539254e-02 -3.841762367203441220e-01 -2.020894887131164386e-01 2.147582819785188168e-01 -3.330754513179571275e-01 -3.483594253287349840e-01 9.252704436618863770e-02 4.675264569634200729e-02 8.184158062407075329e-01 1.592740122254244495e-01 -2.224635974710846842e-01 9.512669163703345310e-02 -1.870597734567922277e-01 -1.065267148363282790e-01 -3.033782335406560726e-01 1.558668859725186873e-01 8.196162106253905844e-01 1.000183476393738252e-01 9.934482205117761699e-01 -7.526018598717565400e-01 -1.732654158573205816e-01 3.899127520031461236e-01 4.707641783749428877e-01 -2.808667660388515230e-01 -1.900443735196545025e-01 -5.970105091097760441e-01 3.487955637663278652e-01 -7.276011274793482420e-01 -5.504677322357737212e-01 1.835409180400379703e-01 3.101888766948893705e-01 -1.104747699932367572e-01 -2.489645532500819047e-01 6.673884936763697651e-01 -2.690638935523635422e-01 -2.489645532500819047e-01
-1.881439261082543946e-01 3.063601079068120070e-01 4.643686394167968398e-03 2.501988213040612363e-02 9.475181300175914562e-03 -1.094331275410633658e-01 9.779115228774459823e-01 1.306437636706418411e-03 1.168751111531087308e-02 1.742579446665788734e-01 1.161995590256111599e-01 1.261778430952764929e-01 6.427067870741795530e-02 -7.641504602095046395e-02 -3.665638269970623170e-02 -3.483594253287349840e-01 1.000000000000000000e+00 7.255079484221749198e-01 -4.916661166470761429e-02 4.214172153749702887e-01 -2.448714969141303419e-02 -2.194196216562615542e-01 1.230881425764268344e-01 -6.378956197432884556e-01 9.907984275477318414e-01 1.000000000000000222e+00 5.954318996443339618e-01 -5.862652693500976231e-02 -4.427717751878409991e-01 6.497153302654069817e-02 8.166129775590916795e-01 6.993839408626459885e-03 4.121690307859620095e-01 -5.795767255882767512e-03 5.128797626021844858e-01 -2.204573458194115654e-01 -2.403586488057843640e-01 -1.545296553647457216e-02 -4.096365313875393599e-01 4.045075189546619154e-01 6.129365546769491857e-01 -2.707326482653925614e-01 -2.896002400157054457e-01 6.343177145566453179e-01 6.387231429776911440e-02 3.362819096319021317e-01 -1.000392644744587944e-01 2.962444347017612056e-01 3.369717193221962170e-01 -2.228911379442601870e-01 -3.543173645405943428e-02 4.026852434343600878e-02 8.870855276642026777e-01 -4.103281731588495629e-01 2.461302065508032821e-01 8.870855276642026777e-01
-1.437016563910672173e-01 2.419407014225851693e-01 8.977945534411321598e-04 6.497333571955602773e-03 2.243805606217404267e-04 -5.154202931282548389e-02 5.942002080493159477e-01 -7.862657337698746030e-03 9.827201047422715052e-02 1.615166912656094966e-01 -2.030092226134841318e-04 5.075079829816101645e-02 -1.364142568503278613e-02 -8.267845421713732046e-02 -8.729705278987308359e-02 -2.344132638993986772e-01 7.255079484221749198e-01 1.000000000000000000e+00 -1.606023712904885298e-02 3.762626220690050149e-01 -3.336508357774076172e-02 -1.591906795514022588e-01 9.217049622856088309e-02 -4.076585861291419088e-01 7.225767809643224293e-01 7.255079484221749198e-01 3.498021433692633519e-01 -8.698132156246420055e-02 -3.341307799838598158e-01 -4.717076600929618301e-03 6.001561809320019591e-01 -2.280866883829335209e-02 1.458296982545428666e-01 -8.346842717818110657e-02 1.178863612770282843e-01 -2.584953934838664091e-01 -1.167623270566198468e-01 7.512804473191489474e-02 -2.864921457297884833e-01 1.828658395321446362e-01 4.023850146924298210e-01 -2.081244203749886001e-01 -2.131974286380793615e-01 5.048379713350848591e-02 5.690139661541870203e-02 1.732519950381562757e-01 -1.338667580120516398e-01 1.571919132692935761e-01 2.914914760363151447e-01 -2.740490301398755824e-01 -1.364687685164205772e-02 -4.113678839782352464e-02 6.616803448314406699e-01 -2.982613756590354881e-01 1.849070699004872753e-01 6.616803448314406699e-01
-4.110853209829273824e-02 -1.150109928079388714e-02 -7.020748911197919034e-04 -7.455938675748624567e-02 -2.146433526283520257e-02 -3.876781137286929024e-02 -5.819989642773835264e-02 9.076263173248513838e-03 -2.110638739591016444e-01 -8.126434564478058134e-04 1.764248334338374413e-01 -1.590104972695392804e-01 1.702250363946490042e-01 4.614929200364490947e-01 1.622201724117282307e-01 -1.114420848740151904e-01 -4.916661166470761429e-02 -1.606023712904885298e-02 1.000000000000000000e+00 1.184294420681736432e-01 6.610074155218936820e-02 1.792755875106025187e-01 8.604976530335831097e-02 -3.711402123238797396e-02 -4.525337939611708687e-02 -4.916661166470761429e-02 -9.174523894274116964e-02 2.103910049587243980e-01 1.158093256597864280e-02 1.448179790865121164e-01 -1.222848610002679089e-02 1.216648393290255675e-01 1.964486128327767589e-01 2.091145858927558054e-01 -8.719034966202912629e-02 -4.671234055475020214e-02 -8.804476452954045074e-02 -2.182511812723350320e-01 -9.568248184493442776e-02 4.445519663578070824e-02 1.384708340780081356e-02 -5.741743000027006022e-02 1.465431429640815658e-02 -8.924399793269240100e-02 -3.697329383071961545e-02 -4.654373516680122141e-02 -7.340322703518560067e-03 5.414782276500961639e-02 -5.343838563163591342e-03 -3.605375792115530359e-02 -7.716892306405406798e-02 1.002604212650403115e-01 -2.719375197260419028e-02 3.419436939645371931e-02 9.850152751044088939e-02 -2.719375197260419028e-02
-6.993119883546896620e-01 4.775801997509185881e-01 9.627040924337384694e-05 -1.150456862848775602e-01 1.235426970107590151e-02 -1.621001860562519270e-01 4.099452812288102432e-01 4.338167722258251535e-02 -1.405611506505809738e-01 3.547479989044632354e-01 3.179561885799845333e-01 1.700220119033228339e-01 -2.858362775055107996e-02 1.336738436740177172e-01 -8.543775295162824718e-03 -7.304934845531040333e-01 4.214172153749702887e-01 3.762626220690050149e-01 1.184294420681736432e-01 1.000000000000000000e+00 -4.294124612400949947e-02 5.907596458883903612e-01 1.342242951746484281e-01 -2.191843124900297035e-01 4.054873748488972418e-01 4.214172153749702887e-01 -2.955479779426987367e-03 -1.176753521694506310e-01 -6.431114199378845653e-01 -1.221155253732716800e-01 3.155787088150034392e-01 -1.096647879625600175e-01 2.426902103943340827e-01 -9.876521632473729724e-04 2.083300341348924278e-01 -2.472232513695572231e-01 -5.937432592537140730e-01 -1.472455100506663561e-01 -7.628282294982403622e-01 8.213185030103294926e-01 1.774612831150681469e-01 -2.461560538108546747e-01 -3.468210512215834096e-01 2.254626538327771657e-01 8.716751706951315903e-02 3.334939781263781544e-01 -2.596459054578013070e-01 4.483796261304983655e-01 5.557338122709957196e-01 -2.403455685543385012e-01 -7.541045470902596470e-02 -3.821853451325447210e-02 3.227487756570869282e-01 -4.952850373966654618e-01 1.373277671251974252e-01 3.227487756570869282e-01
7.625728077432741836e-02 -1.860423357394202018e-02 -3.889317055287996286e-04 1.424162795416884092e-02 -2.199052192838876763e-03 -1.794593702774976152e-01 -2.105117314625830696e-02 -1.044030178103179385e-03 -5.595897198783297832e-02 -2.389405638473830057e-02 9.136410035346850811e-02 8.859927519545585106e-02 3.174671267463950730e-02 8.202338530786054682e-02 7.766773346631425379e-02 5.121084787703539254e-02 -2.448714969141303419e-02 -3.336508357774076172e-02 6.610074155218936820e-02 -4.294124612400949947e-02 1.000000000000000000e+00 -2.544370186617027352e-02 9.574628664361199692e-03 -4.242057918222464502e-02 -2.388126098207987366e-02 -2.448714969141303419e-02 1.570002637566214609e-02 2.819533941318364545e-01 8.341345046361464677e-02 5.044534346195501257e-02 -1.201600892563961694e-02 2.942664138191905185e-02 6.062918460164265499e-02 1.985872572809688208e-01 3.083349579355315270e-02 9.732640462198918763e-02 2.055136860063105919e-02 -6.165485915693241087e-02 5.239462434921490080e-02 -4.048895044867275445e-02 3.898644541220086523e-02 1.041462666348544341e-01 5.015837316504752341e-02 -1.179541905047178140e-03 -2.418562171173837226e-03 3.557419384148814701e-02 6.315367890162192077e-02 2.062300715082693997e-02 -2.936098210238041392e-02 1.003511351740645069e-01 -1.712190156806032287e-02 2.817823279939758729e-02 -2.094103156664581938e-02 1.301793207767751315e-01 6.537044132497299431e-02 -2.094103156664581938e-02
-4.188703316554521217e-01 -3.621914273081087293e-02 -1.021418171313421197e-03 -9.231986282599206894e-02 4.739382712785207910e-03 -5.405163075618915798e-03 -2.145729763630684350e-01 5.799685954429965179e-02 -9.486678074590480791e-02 1.953648610638310523e-01 1.682023050457365498e-01 1.286789166700893876e-02 -2.575191985918872262e-03 1.641770679255568632e-01 3.627510072306254756e-03 -3.841762367203441220e-01 -2.194196216562615542e-01 -1.591906795514022588e-01 1.792755875106025187e-01 5.907596458883903612e-01 -2.544370186617027352e-02 1.000000000000000000e+00 5.277583767510661550e-02 1.106255035366034700e-01 -2.174006161101406098e-01 -2.194196216562615542e-01 -1.306494421420318908e-01 -6.058306379573345085e-02 -2.851644228848790319e-01 -1.245020173844811756e-01 -1.791809105756088649e-01 -4.817124719371018715e-02 -2.480113287599071403e-02 -9.548038677464508114e-03 -1.125358834653246015e-01 -1.175606093084893555e-01 -3.194400538741304918e-01 -9.072244200580570350e-02 -3.740692770437673009e-01 3.897354139032165876e-01 -1.202283055532994971e-01 -8.986076079530373739e-02 -1.634540404378785339e-01 -1.391817529378864549e-01 3.870927654420856789e-02 9.006755918653175375e-02 -1.674172754732843882e-01 1.801223846159822339e-01 -3.107383025880591093e-02 -1.190327549586099598e-01 -4.123268841553211217e-02 -1.516287017911428087e-02 -1.946439708568267479e-01 -1.987726709832285943e-01 -1.291013354555466293e-02 -1.946439708568267479e-01
-1.625611434091067120e-01 6.753561699124074891e-02 8.339900490725676808e-04 2.316974086992834581e-02 4.179119428401593950e-03 -4.005568824556116764e-02 1.194754999731029305e-01 9.631599581866240323e-03 -4.758559036896899130e-02 4.136331837980904147e-02 1.965684769407704535e-01 4.268758493264222104e-02 8.389763969349793571e-02 2.891355591426355426e-02 1.568474099467865590e-01 -2.020894887131164386e-01 1.230881425764268344e-01 9.217049622856088309e-02 8.604976530335831097e-02 1.342242951746484281e-01 9.574628664361199692e-03 5.277583767510661550e-02 1.000000000000000000e+00 -1.108271819567133998e-01 1.200053733798807365e-01 1.230881425764268344e-01 -1.555087347300899763e-03 2.635262155944676095e-04 -1.628972838679219604e-01 4.861761701162926885e-02 8.864448774599947845e-02 6.904061029395676397e-02 9.205341161325024391e-02 7.813654803986652686e-02 6.495183197877034409e-02 3.160868638377387074e-02 -2.094358724250087456e-01 -5.292973892502447764e-02 -1.977968185511898291e-01 1.309529806244247585e-01 9.880290083719184269e-02 -3.610725157302013821e-02 -7.694224865935732349e-02 6.275892131748128655e-02 8.228173178421073486e-02 2.127173057449107951e-01 6.070903325956667623e-02 2.254476177462828579e-01 7.592107364837610839e-02 -5.571124269633644620e-03 -3.592855706042297204e-02 8.283916149247064209e-02 9.934008047564631128e-02 -1.899568275211865609e-01 1.547068817433818744e-01 9.934008047564631128e-02
-6.372317082614696593e-02 -1.571259602350122686e-01 -9.246190445005602514e-04 -2.996831407794754275e-03 1.724585120867838791e-03 1.007880820145929807e-01 -6.131689743754042965e-01 3.021597066158252486e-03 4.447444328367589073e-02 -9.561020324855089292e-02 -1.728153371067915334e-01 -7.533944960770741495e-02 -4.860629389353577495e-02 5.488189094012947689e-03 -6.106576276945244143e-04 2.147582819785188168e-01 -6.378956197432884556e-01 -4.076585861291419088e-01 -3.711402123238797396e-02 -2.191843124900297035e-01 -4.242057918222464502e-02 1.106255035366034700e-01 -1.108271819567133998e-01 1.000000000000000000e+00 -6.234544174375111769e-01 -6.378956197432884556e-01 -2.821502380916143804e-01 -5.693185550763832370e-02 3.000570265501579237e-01 -1.799669121958647200e-01 -5.339081284130172689e-01 -7.002493111650688606e-02 -3.143790467910516084e-01 -7.157620267869602149e-02 -3.884950026088103692e-01 1.534658405985649676e-01 5.933198661163587712e-02 1.045744702437239743e-01 2.401804945184311813e-01 -2.005641898949384883e-01 -9.887014780338512221e-01 2.035796526227535430e-01 2.016793228321943077e-01 -3.138367442111082428e-01 -1.100558420626256140e-02 -1.692903597993770937e-01 -3.590372541928932293e-02 -1.114547155839368808e-01 -1.059259375969522632e-01 1.367373330187733327e-01 2.446457424062748950e-02 1.367533579393155618e-03 -5.314930879134827091e-01 3.244812502287133249e-01 -2.169822786522289104e-01 -5.314930879134827091e-01
-1.737774801585669493e-01 2.793425411779837941e-01 4.887222064112834927e-03 2.151102111538736456e-02 8.724581262301505519e-03 -1.066491866868028437e-01 9.675310143748793168e-01 3.465670681661328851e-04 9.593176166357023776e-03 1.653873847427324295e-01 1.054765403176203126e-01 1.194791306777178985e-01 6.760663734600758090e-02 -7.256704136362517044e-02 -3.174740915641217215e-02 -3.330754513179571275e-01 9.907984275477318414e-01 7.225767809643224293e-01 -4.525337939611708687e-02 4.054873748488972418e-01 -2.388126098207987366e-02 -2.174006161101406098e-01 1.200053733798807365e-01 -6.234544174375111769e-01 1.000000000000000000e+00 9.907984275477318414e-01 6.022515848134506466e-01 -5.226693395291543559e-02 -4.254604831438318358e-01 6.775880800073343091e-02 8.634921119605424300e-01 1.552431567317098630e-02 4.080353885641969658e-01 -1.843351839747142500e-03 5.069717664150443781e-01 -2.129887384154587615e-01 -2.254012635941154974e-01 -1.677352812223355596e-02 -3.934216332788780246e-01 3.843136292490830774e-01 5.988268727508267997e-01 -2.655341973673424616e-01 -2.828584214196450675e-01 6.248878275230977941e-01 6.142044128545647713e-02 3.283249682226125343e-01 -9.967926050019555728e-02 2.865538096038254823e-01 3.082354399869803308e-01 -2.156600036877400206e-01 -3.645665201011928647e-02 4.402085244961673888e-02 9.387529473535142222e-01 -3.975534599334404895e-01 2.439334074843915734e-01 9.387529473535142222e-01
-1.881439261082543946e-01 3.063601079068120070e-01 4.643686394167968398e-03 2.501988213040612363e-02 9.475181300175914562e-03 -1.094331275410633658e-01 9.779115228774459823e-01 1.306437636706418411e-03 1.168751111531087308e-02 1.742579446665788734e-01 1.161995590256111599e-01 1.261778430952764929e-01 6.427067870741795530e-02 -7.641504602095046395e-02 -3.665638269970623170e-02 -3.483594253287349840e-01 1.000000000000000222e+00 7.255079484221749198e-01 -4.916661166470761429e-02 4.214172153749702887e-01 -2.448714969141303419e-02 -2.194196216562615542e-01 1.230881425764268344e-01 -6.378956197432884556e-01 9.907984275477318414e-01 1.000000000000000000e+00 5.954318996443339618e-01 -5.862652693500976231e-02 -4.427717751878409991e-01 6.497153302654069817e-02 8.166129775590916795e-01 6.993839408626459885e-03 4.121690307859620095e-01 -5.795767255882767512e-03 5.128797626021844858e-01 -2.204573458194115654e-01 -2.403586488057843640e-01 -1.545296553647457216e-02 -4.096365313875393599e-01 4.045075189546619154e-01 6.129365546769491857e-01 -2.707326482653925614e-01 -2.896002400157054457e-01 6.343177145566453179e-01 6.387231429776911440e-02 3.362819096319021317e-01 -1.000392644744587944e-01 2.962444347017612056e-01 3.369717193221962170e-01 -2.228911379442601870e-01 -3.543173645405943428e-02 4.026852434343600878e-02 8.870855276642026777e-01 -4.103281731588495629e-01 2.461302065508032821e-01 8.870855276642026777e-01
1.590622982915925743e-01 -7.830203909769734016e-02 7.456916811622855794e-03 1.361133393420136117e-01 1.317955634987522280e-02 -5.456184584872745408e-02 6.043053795603734457e-01 8.412424270405428894e-03 1.677539759250128437e-01 1.230552888779349978e-02 -3.163389409596109592e-02 5.629454662979584308e-03 1.164895952035998050e-01 -1.888000868543780741e-01 3.846946340406819011e-03 9.252704436618863770e-02 5.954318996443339618e-01 3.498021433692633519e-01 -9.174523894274116964e-02 -2.955479779426987367e-03 1.570002637566214609e-02 -1.306494421420318908e-01 -1.555087347300899763e-03 -2.821502380916143804e-01 6.022515848134506466e-01 5.954318996443339618e-01 1.000000000000000000e+00 5.823708367932527163e-02 2.991395360808256527e-03 6.461220600674456860e-02 5.075228613781900266e-01 4.102180078921809775e-02 1.893170648770227393e-01 2.978301760931630071e-02 3.391143648745842953e-01 8.905559154568487568e-02 8.083125019142196888e-02 1.574186664425844262e-01 4.625637347732236559e-02 -6.761251205578579226e-02 3.000446187712279555e-01 -6.744470711984699995e-02 -8.156872571523052229e-02 5.445827798618509963e-01 3.669084812487737740e-02 1.124512865800130212e-01 1.287373791036944617e-02 1.250101806546713781e-02 -1.042560918054407371e-01 7.915729960786732633e-02 1.390994155634948720e-03 1.100921777958544095e-01 5.802222490445225755e-01 -3.769426128451997069e-03 5.102165496597584060e-02 5.802222490445225755e-01
1.620636416487973575e-01 -8.207834267116019544e-02 -6.658409213666929101e-04 -1.417187656867431068e-02 -6.224083437335675532e-03 -4.342807739903333797e-01 -4.990315309311284253e-02 -1.400606377214515252e-02 -1.793473727264265349e-01 -1.153800815239675870e-01 3.478257806163586596e-01 -6.514991700155933763e-02 2.363261774514684721e-01 2.633994075046773853e-01 2.722006846859755247e-01 4.675264569634200729e-02 -5.862652693500976231e-02 -8.698132156246420055e-02 2.103910049587243980e-01 -1.176753521694506310e-01 2.819533941318364545e-01 -6.058306379573345085e-02 2.635262155944676095e-04 -5.693185550763832370e-02 -5.226693395291543559e-02 -5.862652693500976231e-02 5.823708367932527163e-02 1.000000000000000000e+00 2.342529988742890201e-01 9.038948985322881047e-02 -2.651190664381910048e-02 7.142979406938403109e-02 1.215379340398211466e-01 6.324162468370743140e-01 1.105745592781717662e-01 3.079748072760661315e-01 3.004205160778520298e-04 -1.803959583341735728e-01 6.327071658283217603e-02 -1.099428122654172169e-01 3.826566948186579942e-02 -1.602422842257746061e-02 -4.519569423768445005e-03 -4.844472261999137504e-03 -6.476429017681567708e-03 6.307175726211977640e-02 1.445668865813460983e-02 2.489716142785547079e-02 -9.201758134396438582e-02 3.459149656914430326e-01 -1.426378038028921214e-01 2.239321321929944042e-01 -3.431739596647374879e-02 3.181738737682175966e-01 2.195595074696778809e-02 -3.431739596647374879e-02
